5
805
681
714
675
731
29
389
137
939
820
696
979
9
63
891
256
610
36
401
430
482
369
677
54
643
51
317
98
465
247
697
270
927
410
945
657
439
333
793
378
153
489
356
161
552
246
416
161
282
816
591
764
185
267
817
827
317
134
925
782
381
621
51
307
31
995
964
469
328
757
846
480
245
202
641
797
447
56
957
728
872
548
492
56
814
308
883
131
442
807
912
822
428
963
128
458
957
92
927
285
848
773
765
93
974
405
889
421
460
846
149
332
393
640
387
207
948
270
337
389
77
249
210
504
211
338
961
168
430
888
452
277
660
216
370
634
620
259
54
80
105
203
411
497
842
798
704
789
67
41
178
143
289
387
647
500
725
607
667
154
494
119
431
154
334
801
787
954
59
840
33
163
42
444
660
884
241
364
673
308
404
850
451
693
237
98
193
961
704
859
115
198
977
546
352
311
346
138
264
405
978
297
567
20
740
227
904
981
590
576
289
994
425
740
686
661
837
878
622
541
737
737
739
714
283
90
24
628
228
288
33
206
584
599
225
324
826
128
304
415
703
593
408
128
332
94
789
169
972
411
709
708
148
448
421
430
538
445
58
765
732
90
970
316
689
195
639
514
323
943
929
26
535
337
153
867
431
942
35
402
352
744
110
499
192
531
929
729
976
986
494
707
76
464
23
764
658
661
278
980
603
207
5
138
544
158
4
975
99
39
377
451
783
486
950
975
17
878
703
992
864
197
699
939
660
721
703
318
382
980
298
985
187
303
122
731
460
126
705
559
165
81
9
948
566
959
922
583
836
625
575
699
821
273
637
480
994
340
797
376
320
94
360
506
397
482
236
856
608
940
415
773
21
424
720
587
382
642
169
218
266
743
916
86
16
553
565
10
892
362
385
211
456
745
717
852
227
953
708
835
893
123
607
913
546
327
499
927
968
668
144
233
411
60
318
426
613
883
436
505
245
821
715
701
566
432
552
792
384
260
626
277
382
232
189
927
558
688
854
525
355
998
758
765
58
75
191
670
957
627
174
202
447
889
902
12
320
453
804
704
713
429
980
95
661
169
22
219
857
875
744
211
873
501
976
930
575
167
600
532
793
773
733
240
662
634
252
981
87
55
685
800
483
665
894
144
833
915
362
690
790
106
900
662
606
876
592
181
43
191
713
836
964
446
75
625
79
326
606
166
380
290
965
863
954
859
6
787
773
368
476
562
473
376
224
79
252
815
259
294
6
971
130
969
417
205
594
495
530
199
661
910
488
626
773
442
484
778
229
256
145
705
818
618
81
41
696
332
856
955
626
862
926
756
831
342
960
424
837
489
622
497
399
110
122
171
552
605
949
780
861
94
485
678
711
565
719
407
897
575
361
523
436
286
278
266
627
237
689
463
726
311
960
124
420
81
295
971
686
243
751
546
337
235
224
47
800
942
453
696
517
814
218
952
99
495
218
726
732
907
189
457
217
148
581
637
229
876
608
914
118
358
459
454
593
682
501
392
624
954
87
140
767
305
92
866
800
309
592
531
216
780
988
433
928
568
69
156
443
676
69
561
34
528
15
626
210
516
18
834
469
104
974
236
409
65
102
208
374
694
738
589
473
725
21
401
293
90
556
735
765
625
296
799
153
311
425
363
826
442
196
295
546
170
531
954
234
633
161
608
326
899
196
799
623
217
199
915
306
755
650
71
380
946
869
532
257
294
895
83
735
91
378
281
260
908
235
494
541
395
101
866
294
296
664
916
512
863
831
818
617
481
888
997
427
757
529
683
50
423
765
785
513
142
66
773
50
300
266
590
695
366
456
988
662
119
904
174
982
734
991
599
215
879
595
641
635
123
323
685
546
87
470
58
229
535
831
278
834
96
867
529
461
323
516
123
441
419
296
423
153
286
21
367
164
616
7
799
738
330
483
283
417
953
341
645
487
171
922
321
267
789
849
728
111
365
850
552
783
145
975
935
431
996
302
595
611
309
393
349
638
876
632
54
828
972
698
315
143
620
636
409
409
485
137
520
849
986
72
632
131
47
567
561
42
868
156
652
176
548
1000
814
424
631
867
251
603
565
566
746
184
201
155
593
686
291
113
534
277
184
166
407
231
732
968
272
600
123
923
775
671
923
588
94
554
455
344
157
19
910
902
203
111
56
796
796
346
908
330
623
92
495
29
322
226
997
593
825
119
516
600
790
439
188
883
992
642
227
148
661
136
50
864
246
105
659
42
451
566
371
73
658
865
102
979
91
98
572
915
217
87
515
6
526
702
888
518
344
114
665
5
